0.0000000000000000
0.0000000000000000
-0.0000000000000000
-0.0000000000000785
-0.0000000177338126
-0.0000000010188285
0.0369213372468948
-0.0006432408117689
-0.0022135833278298
-0.0000000000000000
0.0000000000000000
-0.0000000000000000
-0.0000000000000518
-0.0000000204543760
-0.0000000001759848
0.0459372475743294
0.0119055435061455
0.0330143757164478
-0.0000000000000000
0.0000000000000000
-0.0000000000000000
-0.0000000000000419
0.0000000067064065
-0.0000000002899243
0.0695079118013382
-0.0038163496647030
-0.0064278980717063
-0.0000000000000000
0.0000000000000000
0.0000000000000000
-0.0000000000000544
-0.0000000235542554
-0.0000000006023647
0.0306157954037189
-0.0019106196705252
0.0215636976063251
-0.0000000000000000
0.0000000000000000
-0.0000000000000000
-0.0000000000000438
-0.0000000125904522
-0.0000000004645598
0.0733523294329643
-0.0244006402790546
0.0064448961056769
-0.0000000000000000
0.0000000000000000
-0.0000000000000000
-0.0000000000000384
-0.0000000077670714
-0.0000000003341959
0.0041536064818501
0.0387766920030117
0.0006236128974706
0.0000000000000000
0.0000000000000000
-0.0000000000000000
-0.0000000000000515
-0.0000000335733539
-0.0000000002083092
0.0508608780801296
-0.0095171006396413
0.0396421402692795
0.0000000000000000
-0.0000000000000000
-0.0000000000000000
-0.0000000000000500
-0.0000000064384897
-0.0000000004512349
0.0459457635879517
-0.0163722895085812
0.0229129213839769
-0.0000000000000000
0.0000000000000000
-0.0000000000000000
-0.0000000000000573
0.0000000016641215
-0.0000000006103822
0.0484081581234932
0.0165861975401640
-0.0057812561281025
