0.0778153613209724
0.0003481534367893
-0.0103358402848244
-0.0000000000000000
0.0000000000000000
0.0038893066812307
0.0000000000000000
0.0000000000000000
0.0000000000000000
-0.0000000000000000
0.0000000000000000
-0.0000000000000000
0.0691279023885727
0.0120223024860024
0.0099921105429530
-0.0000000000000000
-0.0000000000000000
0.0572387166321278
0.0370515547692776
0.0145177068188787
0.0137117970734835
0.0000000000000000
0.0000000000000000
-0.0179063025861979
0.0000000000000000
-0.0000000000000000
-0.0000000000000000
0.0000000000000000
-0.0000000000000000
0.0000000000000000
0.0486125200986862
0.0300945695489645
0.0156963206827641
0.0000000000000000
-0.0000000000000000
0.0221300832927227
0.0431717336177826
-0.0083138812333345
0.0263978503644466
0.0000000000000000
0.0000000000000000
0.0183532349765301
-0.0000000000000000
-0.0000000000000000
-0.0000000000000000
0.0000000000000000
-0.0000000000000000
-0.0000000000000000
0.0397070832550526
0.0004663829749916
0.0179200936108828
0.0000000000000000
-0.0000000000000000
0.0153100565075874
0.0224168486893177
0.0194666329771280
0.0151669867336750
-0.0000000000000000
0.0000000000000000
0.0413812324404716
-0.0000000000000000
-0.0000000000000000
-0.0000000000000000
-0.0000000000000000
0.0000000000000000
0.0000000000000000
0.0730117857456207
0.0322521254420280
0.0291899293661118
-0.0000000000000000
-0.0000000000000000
0.0053207227028906
0.0549262538552284
0.0068677319213748
0.0157791562378407
-0.0000000000000000
0.0000000000000000
-0.0120615744963288
0.0000000000000000
0.0000000000000000
-0.0000000000000000
-0.0000000000000000
0.0000000000000000
0.0000000000000000
0.0541426278650761
0.0027963852044195
0.0169196631759405
-0.0000000000000000
-0.0000000000000000
0.0392983034253120
0.0868457183241844
0.0041267271153629
0.0072023216634989
0.0000000000000000
0.0000000000000000
0.0102294692769647
0.0000000000000000
0.0000000000000000
0.0000000000000000
-0.0000000000000000
0.0000000000000000
-0.0000000000000000
0.0398456975817680
-0.0185013357549906
0.0052904491312802
0.0000000000000000
-0.0000000000000000
0.0147781474515796
0.0497294999659061
0.0070504113100469
0.0157624986022711
0.0000000000000000
0.0000000000000000
0.0241230539977551
-0.0000000000000000
0.0000000000000000
-0.0000000000000000
-0.0000000000000000
-0.0000000000000000
-0.0000000000000000
0.0336330495774746
-0.0243738591670990
-0.0034927048254758
0.0000000000000000
-0.0000000000000000
-0.0053653833456337
0.0638276934623718
-0.0036788429133594
0.0192825030535460
0.0000000000000000
0.0000000000000000
0.0172702297568321
0.0000000000000000
0.0000000000000000
0.0000000000000000
0.0000000000000000
-0.0000000000000000
-0.0000000000000000
0.0472821108996868
-0.0101962164044380
0.0197225045412779
0.0000000000000000
-0.0000000000000000
0.0476474538445473
0.0477963499724865
-0.0270157810300589
0.0205135047435760
0.0000000000000000
0.0000000000000000
0.0117619624361396
0.0000000000000000
0.0000000000000000
0.0000000000000000
0.0000000000000000
-0.0000000000000000
-0.0000000000000000
0.0693585202097893
-0.0268585216253996
0.0357555672526360
0.0000000000000000
-0.0000000000000000
0.0057139266282320
0.0381559953093529
-0.0019245621515438
0.0238304045051336
0.0000000000000000
0.0000000000000000
0.0038566710427403
-0.0000000000000000
-0.0000000000000000
-0.0000000000000000
-0.0000000000000000
0.0000000000000000
-0.0000000000000000
0.0441661253571510
-0.0021928895730525
0.0189885087311268
-0.0000000000000000
-0.0000000000000000
0.0208610035479069
0.0541163347661495
-0.0316639058291912
0.0425811074674129
-0.0000000000000000
0.0000000000000000
0.0461259223520756
0.0000000000000000
0.0000000000000000
-0.0000000000000000
-0.0000000000000000
-0.0000000000000000
-0.0000000000000000
0.0507502853870392
-0.0104196406900883
0.0006735099013895
0.0000000000000000
-0.0000000000000000
-0.0036971301306039
0.0631598606705666
-0.0185470059514046
0.0111237177625299
0.0000000000000000
0.0000000000000000
0.0172304697334766
0.0000000000000000
0.0000000000000000
-0.0000000000000000
0.0000000000000000
-0.0000000000000000
0.0000000000000000
0.0441640689969063
-0.0257994551211596
0.0097931036725640
0.0000000000000000
-0.0000000000000000
0.0167206078767776
0.0660550445318222
0.0187212415039539
0.0235284212976694
0.0000000000000000
0.0000000000000000
0.0241356361657381
-0.0000000000000000
0.0000000000000000
0.0000000000000000
-0.0000000000000000
0.0000000000000000
-0.0000000000000000
0.0374128520488739
-0.0055767269805074
0.0074872761033475
0.0000000000000000
-0.0000000000000000
0.0257621966302395
0.0449941046535969
-0.0225037354975939
0.0215957034379244
-0.0000000000000000
0.0000000000000000
0.0299795884639025
-0.0000000000000000
-0.0000000000000000
0.0000000000000000
-0.0000000000000000
-0.0000000000000000
0.0000000000000000
0.0667287409305573
0.0010308279888704
0.0187124609947205
0.0000000000000000
-0.0000000000000000
0.0120787899941206
0.0411199927330017
0.0164257101714611
-0.0086473245173693
0.0000000000000000
0.0000000000000000
0.0208935756236315
-0.0000000000000000
0.0000000000000000
0.0000000000000000
0.0000000000000000
-0.0000000000000000
-0.0000000000000000
0.0817889794707298
0.0243244264274836
0.0103771928697824
0.0000000000000000
-0.0000000000000000
0.0224504377692938
0.0374588035047054
0.0026883864775300
0.0092931017279625
-0.0000000000000000
0.0000000000000000
0.0166500434279442
0.0000000000000000
0.0000000000000000
-0.0000000000000000
-0.0000000000000000
0.0000000000000000
0.0000000000000000
0.0541672110557556
0.0113695347681642
0.0356039442121983
-0.0000000000000000
-0.0000000000000000
0.0066013373434544
0.0616898871958256
-0.0114580113440752
-0.0080897621810436
0.0000000000000000
0.0000000000000000
0.0061231194995344
0.0000000000000000
0.0000000000000000
0.0000000000000000
0.0000000000000000
-0.0000000000000000
-0.0000000000000000
0.0487901270389557
0.0230984762310982
0.0225816406309605
0.0000000000000000
-0.0000000000000000
0.0369685776531696
0.0477289073169231
0.0123284757137299
0.0594927668571472
0.0000000000000000
0.0000000000000000
0.0154071422293782
-0.0000000000000000
-0.0000000000000000
0.0000000000000000
-0.0000000000000000
0.0000000000000000
-0.0000000000000000
0.0503554791212082
-0.0002848059812095
0.0090870521962643
-0.0000000000000000
-0.0000000000000000
0.0288212522864342
0.0428141169250011
0.0111222760751843
0.0287418588995934
0.0000000000000000
0.0000000000000000
-0.0117802359163761
-0.0000000000000000
0.0000000000000000
-0.0000000000000000
0.0000000000000000
-0.0000000000000000
-0.0000000000000000
0.0507246702909470
0.0210132542997599
0.0151230972260237
0.0000000000000000
-0.0000000000000000
0.0115952547639608
0.0726131647825241
-0.0149218589067459
0.0245369076728821
0.0000000000000000
0.0000000000000000
0.0102847553789616
-0.0000000000000000
-0.0000000000000000
-0.0000000000000000
0.0000000000000000
0.0000000000000000
-0.0000000000000000
0.0703926384449005
0.0091427760198712
0.0160617548972368
0.0000000000000000
-0.0000000000000000
-0.0015325970016420
0.0499073714017868
0.0111257582902908
0.0430542714893818
0.0000000000000000
0.0000000000000000
0.0099384495988488
-0.0000000000000000
0.0000000000000000
-0.0000000000000000
0.0000000000000000
-0.0000000000000000
0.0000000000000000
0.0547192767262459
0.0123745659366250
0.0205283239483833
0.0000000000000000
-0.0000000000000000
0.0313165634870529
0.0550479553639889
0.0270949322730303
0.0316195338964462
-0.0000000000000000
0.0000000000000000
0.0275382250547409
-0.0000000000000000
-0.0000000000000000
0.0000000000000000
0.0000000000000000
0.0000000000000000
-0.0000000000000000
0.0820644944906235
-0.0002388857392361
0.0350927449762821
0.0000000000000000
-0.0000000000000000
0.0205979011952877
0.0302445627748966
0.0164040736854076
0.0178462471812963
0.0000000000000000
0.0000000000000000
0.0500086508691311
0.0000000000000000
-0.0000000000000000
-0.0000000000000000
-0.0000000000000000
-0.0000000000000000
-0.0000000000000000
0.0265307221561670
-0.0281490571796894
0.0280325412750244
0.0000000000000000
-0.0000000000000000
0.0199675429612398
0.0331051945686340
0.0064967558719218
0.0054352707229555
0.0000000000000000
0.0000000000000000
0.0139083610847592
-0.0000000000000000
-0.0000000000000000
-0.0000000000000000
0.0000000000000000
0.0000000000000000
-0.0000000000000000
0.0457210801541805
0.0095937009900808
-0.0047315792180598
-0.0000000000000000
-0.0000000000000000
0.0208489969372749
0.0522045344114304
0.0223867055028677
0.0327812097966671
-0.0000000000000000
0.0000000000000000
0.0269726924598217
0.0000000000000000
0.0000000000000000
-0.0000000000000000
-0.0000000000000000
0.0000000000000000
-0.0000000000000000
0.0574506558477879
-0.0085998279973865
0.0186511725187302
0.0000000000000000
-0.0000000000000000
0.0089284796267748
