-0.0000000000000000
0.0000000000000000
0.0038893066812307
-0.0000000000000000
0.0000000000000000
-0.0000000000000000
-0.0000000000000000
-0.0000000000000000
0.0572387166321278
0.0000000000000000
0.0000000000000000
-0.0179063025861979
0.0000000000000000
-0.0000000000000000
0.0000000000000000
0.0000000000000000
-0.0000000000000000
0.0221300832927227
0.0000000000000000
0.0000000000000000
0.0183532349765301
0.0000000000000000
-0.0000000000000000
-0.0000000000000000
0.0000000000000000
-0.0000000000000000
0.0153100565075874
-0.0000000000000000
0.0000000000000000
0.0413812324404716
-0.0000000000000000
0.0000000000000000
0.0000000000000000
-0.0000000000000000
-0.0000000000000000
0.0053207227028906
-0.0000000000000000
0.0000000000000000
-0.0120615744963288
-0.0000000000000000
0.0000000000000000
0.0000000000000000
-0.0000000000000000
-0.0000000000000000
0.0392983034253120
0.0000000000000000
0.0000000000000000
0.0102294692769647
-0.0000000000000000
0.0000000000000000
-0.0000000000000000
0.0000000000000000
-0.0000000000000000
0.0147781474515796
0.0000000000000000
0.0000000000000000
0.0241230539977551
-0.0000000000000000
-0.0000000000000000
-0.0000000000000000
0.0000000000000000
-0.0000000000000000
-0.0053653833456337
0.0000000000000000
0.0000000000000000
0.0172702297568321
0.0000000000000000
-0.0000000000000000
-0.0000000000000000
0.0000000000000000
-0.0000000000000000
0.0476474538445473
0.0000000000000000
0.0000000000000000
0.0117619624361396
0.0000000000000000
-0.0000000000000000
-0.0000000000000000
0.0000000000000000
-0.0000000000000000
0.0057139266282320
0.0000000000000000
0.0000000000000000
0.0038566710427403
-0.0000000000000000
0.0000000000000000
-0.0000000000000000
-0.0000000000000000
-0.0000000000000000
0.0208610035479069
-0.0000000000000000
0.0000000000000000
0.0461259223520756
-0.0000000000000000
-0.0000000000000000
-0.0000000000000000
0.0000000000000000
-0.0000000000000000
-0.0036971301306039
0.0000000000000000
0.0000000000000000
0.0172304697334766
0.0000000000000000
-0.0000000000000000
0.0000000000000000
0.0000000000000000
-0.0000000000000000
0.0167206078767776
0.0000000000000000
0.0000000000000000
0.0241356361657381
-0.0000000000000000
0.0000000000000000
-0.0000000000000000
0.0000000000000000
-0.0000000000000000
0.0257621966302395
-0.0000000000000000
0.0000000000000000
0.0299795884639025
-0.0000000000000000
-0.0000000000000000
0.0000000000000000
0.0000000000000000
-0.0000000000000000
0.0120787899941206
0.0000000000000000
0.0000000000000000
0.0208935756236315
0.0000000000000000
-0.0000000000000000
-0.0000000000000000
0.0000000000000000
-0.0000000000000000
0.0224504377692938
-0.0000000000000000
0.0000000000000000
0.0166500434279442
-0.0000000000000000
0.0000000000000000
0.0000000000000000
-0.0000000000000000
-0.0000000000000000
0.0066013373434544
0.0000000000000000
0.0000000000000000
0.0061231194995344
0.0000000000000000
-0.0000000000000000
-0.0000000000000000
0.0000000000000000
-0.0000000000000000
0.0369685776531696
0.0000000000000000
0.0000000000000000
0.0154071422293782
-0.0000000000000000
0.0000000000000000
-0.0000000000000000
-0.0000000000000000
-0.0000000000000000
0.0288212522864342
0.0000000000000000
0.0000000000000000
-0.0117802359163761
0.0000000000000000
-0.0000000000000000
-0.0000000000000000
0.0000000000000000
-0.0000000000000000
0.0115952547639608
0.0000000000000000
0.0000000000000000
0.0102847553789616
0.0000000000000000
0.0000000000000000
-0.0000000000000000
0.0000000000000000
-0.0000000000000000
-0.0015325970016420
0.0000000000000000
0.0000000000000000
0.0099384495988488
0.0000000000000000
-0.0000000000000000
0.0000000000000000
0.0000000000000000
-0.0000000000000000
0.0313165634870529
-0.0000000000000000
0.0000000000000000
0.0275382250547409
0.0000000000000000
0.0000000000000000
-0.0000000000000000
0.0000000000000000
-0.0000000000000000
0.0205979011952877
0.0000000000000000
0.0000000000000000
0.0500086508691311
-0.0000000000000000
-0.0000000000000000
-0.0000000000000000
0.0000000000000000
-0.0000000000000000
0.0199675429612398
0.0000000000000000
0.0000000000000000
0.0139083610847592
0.0000000000000000
0.0000000000000000
-0.0000000000000000
-0.0000000000000000
-0.0000000000000000
0.0208489969372749
-0.0000000000000000
0.0000000000000000
0.0269726924598217
-0.0000000000000000
0.0000000000000000
-0.0000000000000000
0.0000000000000000
-0.0000000000000000
0.0089284796267748
