0.0000000000000000
-0.0000000000000000
0.0277865547686815
0.0144701236858964
0.0000000000000000
0.0187826436012983
-0.0000000000000000
-0.0000000000000000
0.0290787648409605
0.0262338295578957
-0.0000000000000000
0.0101819699630141
-0.0000000000000000
0.0000000000000000
-0.0000000000000000
-0.0000000000000000
0.0000000000000000
0.0000000000000000
0.0000000000000000
-0.0000000000000000
0.0379005670547485
0.0274719484150410
-0.0000000000000000
0.0596801936626434
-0.0000000000000000
-0.0000000000000000
0.0100562889128923
0.0264454651623964
-0.0000000000000000
0.0077456743456423
0.0000000000000000
0.0000000000000000
-0.0000000000000000
-0.0000000000000000
-0.0000000000000000
0.0000000000000000
0.0000000000000000
-0.0000000000000000
0.0280278362333775
0.0184852909296751
0.0000000000000000
0.0397388376295567
0.0000000000000000
-0.0000000000000000
0.0201236959546804
0.0109598468989134
-0.0000000000000000
-0.0039554005488753
0.0000000000000000
-0.0000000000000000
-0.0000000000000000
-0.0000000000000000
0.0000000000000000
0.0000000000000000
0.0000000000000000
0.0000000000000000
0.0183553453534842
0.0124168442562222
0.0000000000000000
0.0267995093017817
0.0000000000000000
-0.0000000000000000
0.0132275847718120
0.0188807956874371
-0.0000000000000000
0.0513713918626308
-0.0000000000000000
-0.0000000000000000
-0.0000000000000000
-0.0000000000000000
-0.0000000000000000
0.0000000000000000
0.0000000000000000
-0.0000000000000000
0.0245869401842356
0.0268364679068327
0.0000000000000000
0.0437728501856327
-0.0000000000000000
-0.0000000000000000
0.0117346160113811
0.0457156598567963
0.0000000000000000
0.0382169261574745
-0.0000000000000000
0.0000000000000000
-0.0000000000000000
-0.0000000000000000
-0.0000000000000000
0.0000000000000000
0.0000000000000000
-0.0000000000000000
0.0375420264899731
0.0404067225754261
-0.0000000000000000
0.0201438684016466
0.0000000000000000
-0.0000000000000000
-0.0084911948069930
0.0321635194122791
0.0000000000000000
0.0465417429804802
-0.0000000000000000
-0.0000000000000000
-0.0000000000000000
-0.0000000000000000
-0.0000000000000000
0.0000000000000000
-0.0000000000000000
-0.0000000000000000
0.0057203061878681
0.0350740216672421
-0.0000000000000000
0.0313560180366039
0.0000000000000000
0.0000000000000000
0.0065295170061290
0.0137990526854992
0.0000000000000000
0.0220198929309845
-0.0000000000000000
-0.0000000000000000
-0.0000000000000000
-0.0000000000000000
0.0000000000000000
0.0000000000000000
0.0000000000000000
-0.0000000000000000
0.0033979141153395
0.0225106570869684
-0.0000000000000000
0.0478230454027653
0.0000000000000000
-0.0000000000000000
0.0279486775398254
0.0335881486535072
-0.0000000000000000
0.0075749401003122
0.0000000000000000
-0.0000000000000000
-0.0000000000000000
-0.0000000000000000
-0.0000000000000000
0.0000000000000000
-0.0000000000000000
-0.0000000000000000
0.0097419703379273
0.0007475183228962
-0.0000000000000000
0.0078764790669084
0.0000000000000000
-0.0000000000000000
0.0132010355591774
0.0442585125565529
-0.0000000000000000
0.0234836749732494
-0.0000000000000000
0.0000000000000000
-0.0000000000000000
-0.0000000000000000
-0.0000000000000000
0.0000000000000000
0.0000000000000000
-0.0000000000000000
-0.0084841996431351
0.0273183956742287
0.0000000000000000
0.0260839443653822
0.0000000000000000
-0.0000000000000000
0.0051294579170644
0.0361404977738857
-0.0000000000000000
-0.0004258314729668
0.0000000000000000
-0.0000000000000000
-0.0000000000000000
-0.0000000000000000
-0.0000000000000000
0.0000000000000000
0.0000000000000000
-0.0000000000000000
-0.0019780339207500
0.0147405806928873
-0.0000000000000000
0.0380679257214069
-0.0000000000000000
-0.0000000000000000
-0.0051861070096493
-0.0001705335453153
0.0000000000000000
0.0753605365753174
0.0000000000000000
-0.0000000000000000
-0.0000000000000000
-0.0000000000000000
-0.0000000000000000
0.0000000000000000
0.0000000000000000
0.0000000000000000
0.0113872410729527
0.0105498321354389
0.0000000000000000
0.0273165963590145
0.0000000000000000
0.0000000000000000
0.0412621423602104
0.0264822002500296
-0.0000000000000000
0.0676457956433296
-0.0000000000000000
-0.0000000000000000
-0.0000000000000000
-0.0000000000000000
-0.0000000000000000
0.0000000000000000
0.0000000000000000
-0.0000000000000000
-0.0022820706944913
0.0508082211017609
0.0000000000000000
0.0106770461425185
0.0000000000000000
-0.0000000000000000
-0.0108541185036302
0.0286244899034500
-0.0000000000000000
0.0371401607990265
0.0000000000000000
-0.0000000000000000
-0.0000000000000000
-0.0000000000000000
-0.0000000000000000
0.0000000000000000
0.0000000000000000
-0.0000000000000000
0.0231586117297411
0.0359274782240391
0.0000000000000000
0.0300440769642591
0.0000000000000000
-0.0000000000000000
-0.0073066544719040
0.0115049453452229
-0.0000000000000000
0.0362914688885212
-0.0000000000000000
-0.0000000000000000
-0.0000000000000000
-0.0000000000000000
0.0000000000000000
0.0000000000000000
-0.0000000000000000
-0.0000000000000000
0.0147626418620348
-0.0074437898583710
0.0000000000000000
-0.0220375750213861
-0.0000000000000000
-0.0000000000000000
-0.0129217989742756
0.0358340516686440
0.0000000000000000
0.0315687581896782
-0.0000000000000000
0.0000000000000000
-0.0000000000000000
-0.0000000000000000
0.0000000000000000
0.0000000000000000
0.0000000000000000
-0.0000000000000000
0.0238821078091860
0.0382302850484848
0.0000000000000000
0.0223003998398781
0.0000000000000000
-0.0000000000000000
0.0174323134124279
0.0253105629235506
-0.0000000000000000
0.0231748893857002
-0.0000000000000000
-0.0000000000000000
-0.0000000000000000
-0.0000000000000000
0.0000000000000000
0.0000000000000000
0.0000000000000000
-0.0000000000000000
0.0102114379405975
0.0240427032113075
-0.0000000000000000
0.0296661686152220
-0.0000000000000000
-0.0000000000000000
-0.0049986247904599
0.0166162904351950
-0.0000000000000000
0.0599986501038074
-0.0000000000000000
-0.0000000000000000
-0.0000000000000000
-0.0000000000000000
-0.0000000000000000
0.0000000000000000
-0.0000000000000000
-0.0000000000000000
0.0163422003388405
0.0233837142586708
0.0000000000000000
0.0184966456145048
0.0000000000000000
-0.0000000000000000
0.0029799193143845
0.0215294808149338
0.0000000000000000
0.0506417416036129
0.0000000000000000
-0.0000000000000000
-0.0000000000000000
-0.0000000000000000
0.0000000000000000
0.0000000000000000
0.0000000000000000
-0.0000000000000000
0.0232722181826830
0.0147167211398482
-0.0000000000000000
0.0106832981109619
0.0000000000000000
-0.0000000000000000
0.0110281342640519
0.0338624492287636
0.0000000000000000
0.0475493893027306
-0.0000000000000000
-0.0000000000000000
-0.0000000000000000
-0.0000000000000000
-0.0000000000000000
0.0000000000000000
0.0000000000000000
-0.0000000000000000
-0.0014714899007231
0.0274904780089855
0.0000000000000000
0.0458057112991810
-0.0000000000000000
-0.0000000000000000
0.0036109916400164
0.0190388448536396
0.0000000000000000
0.0470333620905876
0.0000000000000000
-0.0000000000000000
-0.0000000000000000
-0.0000000000000000
0.0000000000000000
0.0000000000000000
-0.0000000000000000
-0.0000000000000000
0.0062197051011026
0.0150011321529746
0.0000000000000000
0.0409589409828186
-0.0000000000000000
-0.0000000000000000
0.0021427676547319
0.0324584059417248
0.0000000000000000
0.0234578773379326
-0.0000000000000000
0.0000000000000000
-0.0000000000000000
-0.0000000000000000
0.0000000000000000
0.0000000000000000
0.0000000000000000
0.0000000000000000
0.0048884907737374
0.0111121628433466
-0.0000000000000000
0.0126941148191690
0.0000000000000000
-0.0000000000000000
0.0158688537776470
0.0165368821471930
-0.0000000000000000
0.0323632620275021
0.0000000000000000
-0.0000000000000000
-0.0000000000000000
-0.0000000000000000
0.0000000000000000
0.0000000000000000
-0.0000000000000000
-0.0000000000000000
0.0081265615299344
0.0459782145917416
0.0000000000000000
0.0406963378190994
0.0000000000000000
-0.0000000000000000
0.0333193354308605
0.0194397848099470
0.0000000000000000
0.0377796366810799
-0.0000000000000000
-0.0000000000000000
-0.0000000000000000
-0.0000000000000000
-0.0000000000000000
0.0000000000000000
-0.0000000000000000
-0.0000000000000000
0.0240909140557051
0.0054863151162863
0.0000000000000000
0.0232894290238619
-0.0000000000000000
-0.0000000000000000
-0.0058484240435064
0.0215075239539146
0.0000000000000000
0.0195906478911638
0.0000000000000000
-0.0000000000000000
-0.0000000000000000
-0.0000000000000000
-0.0000000000000000
0.0000000000000000
0.0000000000000000
-0.0000000000000000
0.0188235919922590
0.0299424603581429
0.0000000000000000
0.0143498042598367
-0.0000000000000000
-0.0000000000000000
0.0282751061022282
0.0353759303689003
-0.0000000000000000
0.0243851412087679
-0.0000000000000000
-0.0000000000000000
-0.0000000000000000
-0.0000000000000000
0.0000000000000000
0.0000000000000000
-0.0000000000000000
-0.0000000000000000
0.0182526428252459
0.0439797006547451
-0.0000000000000000
0.0053702602162957
-0.0000000000000000
-0.0000000000000000
0.0353241935372353
-0.0125557780265808
-0.0000000000000000
0.0279826577752829
0.0000000000000000
-0.0000000000000000
-0.0000000000000000
-0.0000000000000000
-0.0000000000000000
0.0000000000000000
0.0000000000000000
-0.0000000000000000
0.0140309985727072
0.0240010321140289
0.0000000000000000
0.0259187519550323
-0.0000000000000000
-0.0000000000000000
-0.0016291727079079
-0.0011839647777379
-0.0000000000000000
-0.0016664701979607
0.0000000000000000
0.0000000000000000
-0.0000000000000000
-0.0000000000000000
0.0000000000000000
0.0000000000000000
0.0000000000000000
-0.0000000000000000
0.0046351207420230
0.0227362718433142
0.0000000000000000
-0.0034464849159122
-0.0000000000000000
-0.0000000000000000
0.0011841678060591
0.0262712202966213
0.0000000000000000
0.0333165526390076
-0.0000000000000000
-0.0000000000000000
-0.0000000000000000
0.0000000000000000
-0.0000000000000000
0.0000000000000000
0.0000000000000000
0.0000000000000000
0.0076493481174111
0.0536199212074280
-0.0000000000000000
0.0373872295022011
0.0000000000000000
-0.0000000000000000
0.0090920394286513
0.0562082715332508
0.0000000000000000
0.0009450581856072
0.0000000000000000
0.0000000000000000
-0.0000000000000000
-0.0000000000000000
-0.0000000000000000
0.0000000000000000
0.0000000000000000
-0.0000000000000000
0.0199118629097939
0.0143514722585678
-0.0000000000000000
0.0545516945421696
-0.0000000000000000
-0.0000000000000000
0.0135125676169991
0.0324015207588673
-0.0000000000000000
0.0177714340388775
0.0000000000000000
0.0000000000000000
-0.0000000000000000
-0.0000000000000000
0.0000000000000000
0.0000000000000000
0.0000000000000000
-0.0000000000000000
0.0164681952446699
0.0098228035494685
0.0000000000000000
0.0589591525495052
-0.0000000000000000
-0.0000000000000000
0.0194563828408718
0.0225729979574680
0.0000000000000000
0.0520299449563026
-0.0000000000000000
-0.0000000000000000
-0.0000000000000000
-0.0000000000000000
0.0000000000000000
0.0000000000000000
-0.0000000000000000
-0.0000000000000000
-0.0042960126884282
0.0254921279847622
0.0000000000000000
0.0114487754181027
0.0000000000000000
-0.0000000000000000
0.0143012432381511
0.0330614633858204
-0.0000000000000000
-0.0109869688749313
-0.0000000000000000
-0.0000000000000000
-0.0000000000000000
-0.0000000000000000
0.0000000000000000
0.0000000000000000
0.0000000000000000
-0.0000000000000000
-0.0071831378154457
0.0429532229900360
-0.0000000000000000
0.0263910721987486
0.0000000000000000
-0.0000000000000000
-0.0016430615214631
0.0260126106441021
0.0000000000000000
0.0281963981688023
0.0000000000000000
-0.0000000000000000
-0.0000000000000000
-0.0000000000000000
0.0000000000000000
0.0000000000000000
0.0000000000000000
-0.0000000000000000
0.0156295243650675
0.0281573012471199
-0.0000000000000000
0.0413560867309570
-0.0000000000000000
-0.0000000000000000
0.0089970538392663
0.0526678673923016
0.0000000000000000
0.0217741858214140
0.0000000000000000
0.0000000000000000
-0.0000000000000000
-0.0000000000000000
-0.0000000000000000
0.0000000000000000
-0.0000000000000000
-0.0000000000000000
0.0185222681611776
0.0288181006908417
0.0000000000000000
0.0328895151615143
-0.0000000000000000
-0.0000000000000000
0.0418769344687462
0.0143263349309564
-0.0000000000000000
0.0206729862838984
-0.0000000000000000
-0.0000000000000000
-0.0000000000000000
0.0000000000000000
-0.0000000000000000
0.0000000000000000
-0.0000000000000000
-0.0000000000000000
-0.0055494252592325
0.0487879365682602
0.0000000000000000
0.0402340926229954
0.0000000000000000
-0.0000000000000000
-0.0068919644691050
0.0605505295097828
-0.0000000000000000
0.0369843542575836
0.0000000000000000
0.0000000000000000
-0.0000000000000000
-0.0000000000000000
-0.0000000000000000
0.0000000000000000
-0.0000000000000000
-0.0000000000000000
0.0173420216888189
0.0086051700636744
-0.0000000000000000
-0.0106660332530737
0.0000000000000000
-0.0000000000000000
0.0047110999003053
0.0467291660606861
0.0000000000000000
0.0313221514225006
-0.0000000000000000
0.0000000000000000
-0.0000000000000000
-0.0000000000000000
-0.0000000000000000
0.0000000000000000
-0.0000000000000000
0.0000000000000000
0.0187073461711407
0.0214067921042442
-0.0000000000000000
0.0120505988597870
-0.0000000000000000
-0.0000000000000000
0.0231610108166933
-0.0075697279535234
0.0000000000000000
0.0052593662403524
-0.0000000000000000
-0.0000000000000000
-0.0000000000000000
-0.0000000000000000
-0.0000000000000000
0.0000000000000000
-0.0000000000000000
-0.0000000000000000
0.0300543755292892
0.0122314374893904
0.0000000000000000
0.0159833896905184
0.0000000000000000
0.0000000000000000
0.0240418892353773
0.0010804551420733
-0.0000000000000000
-0.0001444453810109
0.0000000000000000
0.0000000000000000
-0.0000000000000000
-0.0000000000000000
0.0000000000000000
0.0000000000000000
0.0000000000000000
-0.0000000000000000
0.0062379846349359
-0.0112595474347472
-0.0000000000000000
0.0434140563011169
0.0000000000000000
-0.0000000000000000
0.0276256445795298
0.0415203124284744
-0.0000000000000000
0.0035879036877304
0.0000000000000000
-0.0000000000000000
-0.0000000000000000
-0.0000000000000000
-0.0000000000000000
0.0000000000000000
-0.0000000000000000
-0.0000000000000000
0.0181749835610390
0.0374097116291523
0.0000000000000000
0.0127787245437503
0.0000000000000000
-0.0000000000000000
0.0122525561600924
0.0254992712289095
0.0000000000000000
0.0000581211352255
0.0000000000000000
0.0000000000000000
-0.0000000000000000
0.0000000000000000
0.0000000000000000
0.0000000000000000
0.0000000000000000
-0.0000000000000000
0.0232662018388510
0.0191602371633053
-0.0000000000000000
0.0431210584938526
0.0000000000000000
-0.0000000000000000
0.0149551369249821
0.0219766478985548
-0.0000000000000000
-0.0026163763832301
-0.0000000000000000
0.0000000000000000
-0.0000000000000000
0.0000000000000000
-0.0000000000000000
0.0000000000000000
0.0000000000000000
-0.0000000000000000
-0.0068040243349969
0.0255458895117044
0.0000000000000000
0.0025001170579344
0.0000000000000000
0.0000000000000000
0.0134324394166470
0.0488173440098763
-0.0000000000000000
0.0056563438847661
0.0000000000000000
-0.0000000000000000
-0.0000000000000000
-0.0000000000000000
0.0000000000000000
0.0000000000000000
0.0000000000000000
-0.0000000000000000
0.0256631243973970
0.0179247874766588
-0.0000000000000000
0.0410057976841927
-0.0000000000000000
-0.0000000000000000
0.0004610844480339
0.0299202986061573
-0.0000000000000000
0.0172446537762880
0.0000000000000000
0.0000000000000000
-0.0000000000000000
-0.0000000000000000
0.0000000000000000
0.0000000000000000
-0.0000000000000000
0.0000000000000000
0.0112702958285809
0.0119464546442032
0.0000000000000000
0.0122243938967586
-0.0000000000000000
-0.0000000000000000
0.0246200971305370
0.0088669480755925
0.0000000000000000
0.0165473464876413
-0.0000000000000000
0.0000000000000000
-0.0000000000000000
-0.0000000000000000
0.0000000000000000
0.0000000000000000
0.0000000000000000
-0.0000000000000000
0.0249817967414856
0.0264662541449070
-0.0000000000000000
-0.0248250793665648
0.0000000000000000
0.0000000000000000
0.0185798667371273
0.0187814459204674
-0.0000000000000000
0.0229918807744980
0.0000000000000000
-0.0000000000000000
-0.0000000000000000
-0.0000000000000000
0.0000000000000000
0.0000000000000000
-0.0000000000000000
-0.0000000000000000
0.0060305739752948
0.0109105147421360
0.0000000000000000
0.0179472267627716
-0.0000000000000000
-0.0000000000000000
0.0254067331552505
0.0699078515172005
0.0000000000000000
0.0379601456224918
-0.0000000000000000
0.0000000000000000
-0.0000000000000000
-0.0000000000000000
0.0000000000000000
0.0000000000000000
0.0000000000000000
-0.0000000000000000
0.0214432142674923
0.0365632288157940
0.0000000000000000
0.0204369071871042
0.0000000000000000
-0.0000000000000000
0.0135525707155466
0.0447136275470257
0.0000000000000000
0.0087649924680591
-0.0000000000000000
-0.0000000000000000
-0.0000000000000000
0.0000000000000000
0.0000000000000000
0.0000000000000000
0.0000000000000000
-0.0000000000000000
0.0202594175934792
0.0136512117460370
-0.0000000000000000
0.0278946328908205
-0.0000000000000000
-0.0000000000000000
0.0274856649339199
-0.0018347945297137
0.0000000000000000
0.0307685472071171
-0.0000000000000000
-0.0000000000000000
-0.0000000000000000
0.0000000000000000
-0.0000000000000000
0.0000000000000000
