0.0000000000000000
-0.0000000000000000
0.0277865547686815
-0.0000000000000000
-0.0000000000000000
0.0290787648409605
-0.0000000000000000
0.0000000000000000
-0.0000000000000000
0.0000000000000000
-0.0000000000000000
0.0379005670547485
-0.0000000000000000
-0.0000000000000000
0.0100562889128923
0.0000000000000000
0.0000000000000000
-0.0000000000000000
0.0000000000000000
-0.0000000000000000
0.0280278362333775
0.0000000000000000
-0.0000000000000000
0.0201236959546804
0.0000000000000000
-0.0000000000000000
-0.0000000000000000
0.0000000000000000
0.0000000000000000
0.0183553453534842
0.0000000000000000
-0.0000000000000000
0.0132275847718120
-0.0000000000000000
-0.0000000000000000
-0.0000000000000000
0.0000000000000000
-0.0000000000000000
0.0245869401842356
-0.0000000000000000
-0.0000000000000000
0.0117346160113811
-0.0000000000000000
0.0000000000000000
-0.0000000000000000
0.0000000000000000
-0.0000000000000000
0.0375420264899731
0.0000000000000000
-0.0000000000000000
-0.0084911948069930
-0.0000000000000000
-0.0000000000000000
-0.0000000000000000
-0.0000000000000000
-0.0000000000000000
0.0057203061878681
0.0000000000000000
0.0000000000000000
0.0065295170061290
-0.0000000000000000
-0.0000000000000000
-0.0000000000000000
0.0000000000000000
-0.0000000000000000
0.0033979141153395
0.0000000000000000
-0.0000000000000000
0.0279486775398254
0.0000000000000000
-0.0000000000000000
-0.0000000000000000
-0.0000000000000000
-0.0000000000000000
0.0097419703379273
0.0000000000000000
-0.0000000000000000
0.0132010355591774
-0.0000000000000000
0.0000000000000000
-0.0000000000000000
0.0000000000000000
-0.0000000000000000
-0.0084841996431351
0.0000000000000000
-0.0000000000000000
0.0051294579170644
0.0000000000000000
-0.0000000000000000
-0.0000000000000000
0.0000000000000000
-0.0000000000000000
-0.0019780339207500
-0.0000000000000000
-0.0000000000000000
-0.0051861070096493
0.0000000000000000
-0.0000000000000000
-0.0000000000000000
0.0000000000000000
0.0000000000000000
0.0113872410729527
0.0000000000000000
0.0000000000000000
0.0412621423602104
-0.0000000000000000
-0.0000000000000000
-0.0000000000000000
0.0000000000000000
-0.0000000000000000
-0.0022820706944913
0.0000000000000000
-0.0000000000000000
-0.0108541185036302
0.0000000000000000
-0.0000000000000000
-0.0000000000000000
0.0000000000000000
-0.0000000000000000
0.0231586117297411
0.0000000000000000
-0.0000000000000000
-0.0073066544719040
-0.0000000000000000
-0.0000000000000000
-0.0000000000000000
-0.0000000000000000
-0.0000000000000000
0.0147626418620348
-0.0000000000000000
-0.0000000000000000
-0.0129217989742756
-0.0000000000000000
0.0000000000000000
-0.0000000000000000
0.0000000000000000
-0.0000000000000000
0.0238821078091860
0.0000000000000000
-0.0000000000000000
0.0174323134124279
-0.0000000000000000
-0.0000000000000000
-0.0000000000000000
0.0000000000000000
-0.0000000000000000
0.0102114379405975
-0.0000000000000000
-0.0000000000000000
-0.0049986247904599
-0.0000000000000000
-0.0000000000000000
-0.0000000000000000
-0.0000000000000000
-0.0000000000000000
0.0163422003388405
0.0000000000000000
-0.0000000000000000
0.0029799193143845
0.0000000000000000
-0.0000000000000000
-0.0000000000000000
0.0000000000000000
-0.0000000000000000
0.0232722181826830
0.0000000000000000
-0.0000000000000000
0.0110281342640519
-0.0000000000000000
-0.0000000000000000
-0.0000000000000000
0.0000000000000000
-0.0000000000000000
-0.0014714899007231
-0.0000000000000000
-0.0000000000000000
0.0036109916400164
0.0000000000000000
-0.0000000000000000
-0.0000000000000000
-0.0000000000000000
-0.0000000000000000
0.0062197051011026
-0.0000000000000000
-0.0000000000000000
0.0021427676547319
-0.0000000000000000
0.0000000000000000
-0.0000000000000000
0.0000000000000000
0.0000000000000000
0.0048884907737374
0.0000000000000000
-0.0000000000000000
0.0158688537776470
0.0000000000000000
-0.0000000000000000
-0.0000000000000000
-0.0000000000000000
-0.0000000000000000
0.0081265615299344
0.0000000000000000
-0.0000000000000000
0.0333193354308605
-0.0000000000000000
-0.0000000000000000
-0.0000000000000000
-0.0000000000000000
-0.0000000000000000
0.0240909140557051
-0.0000000000000000
-0.0000000000000000
-0.0058484240435064
0.0000000000000000
-0.0000000000000000
-0.0000000000000000
0.0000000000000000
-0.0000000000000000
0.0188235919922590
-0.0000000000000000
-0.0000000000000000
0.0282751061022282
-0.0000000000000000
-0.0000000000000000
-0.0000000000000000
-0.0000000000000000
-0.0000000000000000
0.0182526428252459
-0.0000000000000000
-0.0000000000000000
0.0353241935372353
0.0000000000000000
-0.0000000000000000
-0.0000000000000000
0.0000000000000000
-0.0000000000000000
0.0140309985727072
-0.0000000000000000
-0.0000000000000000
-0.0016291727079079
0.0000000000000000
0.0000000000000000
-0.0000000000000000
0.0000000000000000
-0.0000000000000000
0.0046351207420230
-0.0000000000000000
-0.0000000000000000
0.0011841678060591
-0.0000000000000000
-0.0000000000000000
-0.0000000000000000
0.0000000000000000
0.0000000000000000
0.0076493481174111
0.0000000000000000
-0.0000000000000000
0.0090920394286513
0.0000000000000000
0.0000000000000000
-0.0000000000000000
0.0000000000000000
-0.0000000000000000
0.0199118629097939
-0.0000000000000000
-0.0000000000000000
0.0135125676169991
0.0000000000000000
0.0000000000000000
-0.0000000000000000
0.0000000000000000
-0.0000000000000000
0.0164681952446699
-0.0000000000000000
-0.0000000000000000
0.0194563828408718
-0.0000000000000000
-0.0000000000000000
-0.0000000000000000
-0.0000000000000000
-0.0000000000000000
-0.0042960126884282
0.0000000000000000
-0.0000000000000000
0.0143012432381511
-0.0000000000000000
-0.0000000000000000
-0.0000000000000000
0.0000000000000000
-0.0000000000000000
-0.0071831378154457
0.0000000000000000
-0.0000000000000000
-0.0016430615214631
0.0000000000000000
-0.0000000000000000
-0.0000000000000000
0.0000000000000000
-0.0000000000000000
0.0156295243650675
-0.0000000000000000
-0.0000000000000000
0.0089970538392663
0.0000000000000000
0.0000000000000000
-0.0000000000000000
-0.0000000000000000
-0.0000000000000000
0.0185222681611776
-0.0000000000000000
-0.0000000000000000
0.0418769344687462
-0.0000000000000000
-0.0000000000000000
-0.0000000000000000
-0.0000000000000000
-0.0000000000000000
-0.0055494252592325
0.0000000000000000
-0.0000000000000000
-0.0068919644691050
0.0000000000000000
0.0000000000000000
-0.0000000000000000
-0.0000000000000000
-0.0000000000000000
0.0173420216888189
0.0000000000000000
-0.0000000000000000
0.0047110999003053
-0.0000000000000000
0.0000000000000000
-0.0000000000000000
-0.0000000000000000
0.0000000000000000
0.0187073461711407
-0.0000000000000000
-0.0000000000000000
0.0231610108166933
-0.0000000000000000
-0.0000000000000000
-0.0000000000000000
-0.0000000000000000
-0.0000000000000000
0.0300543755292892
0.0000000000000000
0.0000000000000000
0.0240418892353773
0.0000000000000000
0.0000000000000000
-0.0000000000000000
0.0000000000000000
-0.0000000000000000
0.0062379846349359
0.0000000000000000
-0.0000000000000000
0.0276256445795298
0.0000000000000000
-0.0000000000000000
-0.0000000000000000
-0.0000000000000000
-0.0000000000000000
0.0181749835610390
0.0000000000000000
-0.0000000000000000
0.0122525561600924
0.0000000000000000
0.0000000000000000
-0.0000000000000000
0.0000000000000000
-0.0000000000000000
0.0232662018388510
0.0000000000000000
-0.0000000000000000
0.0149551369249821
-0.0000000000000000
0.0000000000000000
-0.0000000000000000
0.0000000000000000
-0.0000000000000000
-0.0068040243349969
0.0000000000000000
0.0000000000000000
0.0134324394166470
0.0000000000000000
-0.0000000000000000
-0.0000000000000000
0.0000000000000000
-0.0000000000000000
0.0256631243973970
-0.0000000000000000
-0.0000000000000000
0.0004610844480339
0.0000000000000000
0.0000000000000000
-0.0000000000000000
-0.0000000000000000
0.0000000000000000
0.0112702958285809
-0.0000000000000000
-0.0000000000000000
0.0246200971305370
-0.0000000000000000
0.0000000000000000
-0.0000000000000000
0.0000000000000000
-0.0000000000000000
0.0249817967414856
0.0000000000000000
0.0000000000000000
0.0185798667371273
0.0000000000000000
-0.0000000000000000
-0.0000000000000000
-0.0000000000000000
-0.0000000000000000
0.0060305739752948
-0.0000000000000000
-0.0000000000000000
0.0254067331552505
-0.0000000000000000
0.0000000000000000
-0.0000000000000000
0.0000000000000000
-0.0000000000000000
0.0214432142674923
0.0000000000000000
-0.0000000000000000
0.0135525707155466
-0.0000000000000000
-0.0000000000000000
-0.0000000000000000
0.0000000000000000
-0.0000000000000000
0.0202594175934792
-0.0000000000000000
-0.0000000000000000
0.0274856649339199
-0.0000000000000000
-0.0000000000000000
-0.0000000000000000
