0.0393312871456146
0.0125890690833330
0.0244580861181021
0.0000000000000000
-0.0000000000000000
0.0215158015489578
0.0277217440307140
-0.0000000000000000
0.0287001579999924
0.0266079623252153
0.0270073059946299
-0.0000002533782890
0.0457371845841408
0.0129435118287802
0.0213036928325891
0.0000000000000000
-0.0000000000000000
0.0192341636866331
0.0268216058611870
-0.0000000000000000
0.0279745776206255
0.0268981140106916
0.0275553315877914
-0.0000002759655331
0.0176985524594784
0.0048845326527953
0.0029118547681719
-0.0000000000000000
0.0000000000000000
0.0265003405511379
0.0203070361167192
0.0000000000000000
0.0465034060180187
0.0304262898862362
0.0036942658480257
0.0000001085767209
0.0452629253268242
0.0133647480979562
0.0285376720130444
-0.0000000000000000
-0.0000000000000000
0.0230996441096067
0.0278035178780556
-0.0000000000000000
0.0281033720821142
0.0257297847419977
0.0259223524481058
-0.0000002526267053
0.0501698702573776
0.0136049902066588
0.0244368463754654
-0.0000000000000000
-0.0000000000000000
0.0199740212410688
0.0264822933822870
-0.0000000000000000
0.0272235460579395
0.0258665233850479
0.0261862706393003
-0.0000002751993975
0.0571629740297794
0.0034427766222507
0.0113687766715884
0.0000000000000000
-0.0000000000000000
0.0183955263346434
0.0226569492369890
0.0000000000000000
0.0287227630615234
0.0368253663182259
0.0162464827299118
0.0000001080905889
0.0393853150308132
0.0126541359350085
0.0243775770068169
-0.0000000000000000
-0.0000000000000000
0.0223003719002008
0.0279139038175344
-0.0000000000000000
0.0283713582903147
0.0262191649526358
0.0262199919670820
-0.0000002475103997
0.0464174933731556
0.0131468204781413
0.0220720451325178
-0.0000000000000000
-0.0000000000000000
0.0198961086571217
0.0269245170056820
-0.0000000000000000
0.0280079916119576
0.0268278885632753
0.0265953838825226
-0.0000002675738813
0.0503926798701286
-0.0030777149368078
0.0310970805585384
0.0000000000000000
-0.0000000000000000
0.0213042143732309
0.0194597691297531
0.0000000000000000
0.0215919744223356
0.0213009826838970
0.0131926294416189
0.0000001076326726
0.0417313948273659
0.0127338254824281
0.0262231063097715
-0.0000000000000000
-0.0000000000000000
0.0215219780802727
0.0270178597420454
-0.0000000000000000
0.0279704947024584
0.0258275363594294
0.0262489896267653
-0.0000002521300644
0.0469250567257404
0.0129325436428189
0.0224975086748600
-0.0000000000000000
-0.0000000000000000
0.0189584717154503
0.0259612835943699
0.0000000000000000
0.0269793644547462
0.0259334109723568
0.0265642050653696
-0.0000002740206355
0.0256747286766768
-0.0040990705601871
0.0190166663378477
0.0000000000000000
0.0000000000000000
0.0336626097559929
0.0296031069010496
0.0000000000000000
0.0172826759517193
0.0304504968225956
0.0300771798938513
0.0000001079060326
0.0481975562870502
0.0135766500607133
0.0306989941745996
0.0000000000000000
-0.0000000000000000
0.0231725163757801
0.0271432772278786
0.0000000000000000
0.0272962413728237
0.0249609835445881
0.0251792576164007
-0.0000002512110484
0.0521031431853771
0.0136685920879245
0.0258752312511206
-0.0000000000000000
-0.0000000000000000
0.0197120048105717
0.0256451889872551
-0.0000000000000000
0.0258591938763857
0.0250410567969084
0.0253262799233198
-0.0000002729273660
0.0754527300596237
0.0081351147964597
0.0167221352458000
0.0000000000000000
0.0000000000000000
-0.0030789540614933
0.0234796833246946
-0.0000000000000000
0.0279502198100090
0.0516432598233223
0.0367365591228008
0.0000001073489670
0.0416350476443768
0.0127731692045927
0.0260414611548185
0.0000000000000000
-0.0000000000000000
0.0222047194838524
0.0272431541234255
0.0000000000000000
0.0274521186947823
0.0254492051899433
0.0254793632775545
-0.0000002459719042
0.0477688796818256
0.0131603479385376
0.0228282269090414
-0.0000000000000000
-0.0000000000000000
0.0195705387741327
0.0261653922498226
-0.0000000000000000
0.0269402228295803
0.0257706455886364
0.0258373003453016
-0.0000002650419333
0.0390574745833874
0.0075176074169576
0.0066345459781587
-0.0000000000000000
0.0000000000000000
0.0310502853244543
0.0319131016731262
0.0000000000000000
0.0515002906322479
0.0379866100847721
0.0145458579063416
0.0000001068478497
0.0376978702843189
0.0121326083317399
0.0235341936349869
0.0000000000000000
-0.0000000000000000
0.0204482525587082
0.0262267831712961
-0.0000000000000000
0.0273299831897020
0.0253841225057840
0.0258206911385059
-0.0000002505381360
0.0438917875289917
0.0124295521527529
0.0205658748745918
0.0000000000000000
-0.0000000000000000
0.0183477569371462
0.0256069991737604
0.0000000000000000
0.0266818813979626
0.0256294868886471
0.0262735672295094
-0.0000002705344571
0.0012310855090618
0.0082801301032305
0.0276357196271420
0.0000000000000000
0.0000000000000000
0.0225461609661579
0.0302928630262613
0.0000000000000000
0.0246503315865993
0.0461715087294579
0.0524841360747814
0.0000001073739355
0.0435683503746986
0.0128956558182836
0.0275715608149767
-0.0000000000000000
-0.0000000000000000
0.0219404827803373
0.0263593867421150
0.0000000000000000
0.0266350768506527
0.0245326403528452
0.0247611366212368
-0.0000002494075204
0.0484695211052895
0.0131346313282847
0.0235736686736345
-0.0000000000000000
-0.0000000000000000
0.0190571434795856
0.0253628659993410
0.0000000000000000
0.0259237028658390
0.0246597826480865
0.0244554653763771
-0.0000002690574661
0.0680533573031425
0.0113403014838696
0.0215268749743700
-0.0000000000000000
0.0000000000000000
0.0441791042685509
0.0393960326910019
0.0000000000000000
-0.0029574106447399
0.0250985808670521
0.0584480799734592
0.0000001068061408
0.0375045165419579
0.0121546881273389
0.0232864860445261
0.0000000000000000
-0.0000000000000000
0.0209270864725113
0.0264799538999796
-0.0000000000000000
0.0267376452684402
0.0250190310180187
0.0250600427389145
-0.0000002440388869
0.0447695702314377
0.0126804839819670
0.0209781564772129
-0.0000000000000000
-0.0000000000000000
0.0188723485916853
0.0264310967177153
0.0000000000000000
0.0266466792672873
0.0255691353231668
0.0255184192210436
-0.0000002609536125
0.0432447828352451
0.0012624086812139
0.0020217737182975
0.0000000000000000
0.0000000000000000
0.0146094085648656
0.0328883752226830
0.0000000000000000
-0.0180848017334938
0.0097035458311439
0.0160999670624733
0.0000001061749728
