0.0393312871456146
0.0125890690833330
0.0244580861181021
0.0457371845841408
0.0129435118287802
0.0213036928325891
0.0176985524594784
0.0048845326527953
0.0029118547681719
0.0452629253268242
0.0133647480979562
0.0285376720130444
0.0501698702573776
0.0136049902066588
0.0244368463754654
0.0571629740297794
0.0034427766222507
0.0113687766715884
0.0393853150308132
0.0126541359350085
0.0243775770068169
0.0464174933731556
0.0131468204781413
0.0220720451325178
0.0503926798701286
-0.0030777149368078
0.0310970805585384
0.0417313948273659
0.0127338254824281
0.0262231063097715
0.0469250567257404
0.0129325436428189
0.0224975086748600
0.0256747286766768
-0.0040990705601871
0.0190166663378477
0.0481975562870502
0.0135766500607133
0.0306989941745996
0.0521031431853771
0.0136685920879245
0.0258752312511206
0.0754527300596237
0.0081351147964597
0.0167221352458000
0.0416350476443768
0.0127731692045927
0.0260414611548185
0.0477688796818256
0.0131603479385376
0.0228282269090414
0.0390574745833874
0.0075176074169576
0.0066345459781587
0.0376978702843189
0.0121326083317399
0.0235341936349869
0.0438917875289917
0.0124295521527529
0.0205658748745918
0.0012310855090618
0.0082801301032305
0.0276357196271420
0.0435683503746986
0.0128956558182836
0.0275715608149767
0.0484695211052895
0.0131346313282847
0.0235736686736345
0.0680533573031425
0.0113403014838696
0.0215268749743700
0.0375045165419579
0.0121546881273389
0.0232864860445261
0.0447695702314377
0.0126804839819670
0.0209781564772129
0.0432447828352451
0.0012624086812139
0.0020217737182975
