0.0000000000000000
-0.0000000000000000
0.0215158015489578
0.0000000000000000
-0.0000000000000000
0.0192341636866331
-0.0000000000000000
0.0000000000000000
0.0265003405511379
-0.0000000000000000
-0.0000000000000000
0.0230996441096067
-0.0000000000000000
-0.0000000000000000
0.0199740212410688
0.0000000000000000
-0.0000000000000000
0.0183955263346434
-0.0000000000000000
-0.0000000000000000
0.0223003719002008
-0.0000000000000000
-0.0000000000000000
0.0198961086571217
0.0000000000000000
-0.0000000000000000
0.0213042143732309
-0.0000000000000000
-0.0000000000000000
0.0215219780802727
-0.0000000000000000
-0.0000000000000000
0.0189584717154503
0.0000000000000000
0.0000000000000000
0.0336626097559929
0.0000000000000000
-0.0000000000000000
0.0231725163757801
-0.0000000000000000
-0.0000000000000000
0.0197120048105717
0.0000000000000000
0.0000000000000000
-0.0030789540614933
0.0000000000000000
-0.0000000000000000
0.0222047194838524
-0.0000000000000000
-0.0000000000000000
0.0195705387741327
-0.0000000000000000
0.0000000000000000
0.0310502853244543
0.0000000000000000
-0.0000000000000000
0.0204482525587082
0.0000000000000000
-0.0000000000000000
0.0183477569371462
0.0000000000000000
0.0000000000000000
0.0225461609661579
-0.0000000000000000
-0.0000000000000000
0.0219404827803373
-0.0000000000000000
-0.0000000000000000
0.0190571434795856
-0.0000000000000000
0.0000000000000000
0.0441791042685509
0.0000000000000000
-0.0000000000000000
0.0209270864725113
-0.0000000000000000
-0.0000000000000000
0.0188723485916853
0.0000000000000000
0.0000000000000000
0.0146094085648656
