0.0277217440307140
-0.0000000000000000
0.0287001579999924
0.0268216058611870
-0.0000000000000000
0.0279745776206255
0.0203070361167192
0.0000000000000000
0.0465034060180187
0.0278035178780556
-0.0000000000000000
0.0281033720821142
0.0264822933822870
-0.0000000000000000
0.0272235460579395
0.0226569492369890
0.0000000000000000
0.0287227630615234
0.0279139038175344
-0.0000000000000000
0.0283713582903147
0.0269245170056820
-0.0000000000000000
0.0280079916119576
0.0194597691297531
0.0000000000000000
0.0215919744223356
0.0270178597420454
-0.0000000000000000
0.0279704947024584
0.0259612835943699
0.0000000000000000
0.0269793644547462
0.0296031069010496
0.0000000000000000
0.0172826759517193
0.0271432772278786
0.0000000000000000
0.0272962413728237
0.0256451889872551
-0.0000000000000000
0.0258591938763857
0.0234796833246946
-0.0000000000000000
0.0279502198100090
0.0272431541234255
0.0000000000000000
0.0274521186947823
0.0261653922498226
-0.0000000000000000
0.0269402228295803
0.0319131016731262
0.0000000000000000
0.0515002906322479
0.0262267831712961
-0.0000000000000000
0.0273299831897020
0.0256069991737604
0.0000000000000000
0.0266818813979626
0.0302928630262613
0.0000000000000000
0.0246503315865993
0.0263593867421150
0.0000000000000000
0.0266350768506527
0.0253628659993410
0.0000000000000000
0.0259237028658390
0.0393960326910019
0.0000000000000000
-0.0029574106447399
0.0264799538999796
-0.0000000000000000
0.0267376452684402
0.0264310967177153
0.0000000000000000
0.0266466792672873
0.0328883752226830
0.0000000000000000
-0.0180848017334938
