0.0266079623252153
0.0270073059946299
-0.0000002533782890
0.0268981140106916
0.0275553315877914
-0.0000002759655331
0.0304262898862362
0.0036942658480257
0.0000001085767209
0.0257297847419977
0.0259223524481058
-0.0000002526267053
0.0258665233850479
0.0261862706393003
-0.0000002751993975
0.0368253663182259
0.0162464827299118
0.0000001080905889
0.0262191649526358
0.0262199919670820
-0.0000002475103997
0.0268278885632753
0.0265953838825226
-0.0000002675738813
0.0213009826838970
0.0131926294416189
0.0000001076326726
0.0258275363594294
0.0262489896267653
-0.0000002521300644
0.0259334109723568
0.0265642050653696
-0.0000002740206355
0.0304504968225956
0.0300771798938513
0.0000001079060326
0.0249609835445881
0.0251792576164007
-0.0000002512110484
0.0250410567969084
0.0253262799233198
-0.0000002729273660
0.0516432598233223
0.0367365591228008
0.0000001073489670
0.0254492051899433
0.0254793632775545
-0.0000002459719042
0.0257706455886364
0.0258373003453016
-0.0000002650419333
0.0379866100847721
0.0145458579063416
0.0000001068478497
0.0253841225057840
0.0258206911385059
-0.0000002505381360
0.0256294868886471
0.0262735672295094
-0.0000002705344571
0.0461715087294579
0.0524841360747814
0.0000001073739355
0.0245326403528452
0.0247611366212368
-0.0000002494075204
0.0246597826480865
0.0244554653763771
-0.0000002690574661
0.0250985808670521
0.0584480799734592
0.0000001068061408
0.0250190310180187
0.0250600427389145
-0.0000002440388869
0.0255691353231668
0.0255184192210436
-0.0000002609536125
0.0097035458311439
0.0160999670624733
0.0000001061749728
